02
00
fe
02
21
03
00
00
00
00
00
02
21
0b
00
00
00
00
00
02
21
13
00
00
00
00
00
02
21
1b
00
00
00
00
00
02
0c
7a
00
00
00
00
00
02
21
2b
00
00
00
00
00
02
21
33
00
00
00
00
00
02
21
3b
00
00
00
00
00
02
21
43
00
00
00
00
00
02
21
4b
00
00
00
00
00
02
21
53
00
00
00
00
00
02
21
5b
00
00
00
00
00
02
21
63
00
00
00
00
00
02
21
6b
00
00
00
00
00
02
21
73
00
00
00
00
00
02
21
7b
00
00
00
00
00
02
21
83
00
00
00
00
00
02
21
8b
00
00
00
00
00
02
21
93
00
00
00
00
00
02
21
9b
00
00
00
00
00
02
21
a3
00
00
00
00
00
02
21
ab
00
00
00
00
00
02
21
b3
00
00
00
00
00
02
21
bb
00
00
00
00
00
02
21
c3
00
00
00
00
00
02
21
cb
00
00
00
00
00
02
21
d3
00
00
00
00
00
02
21
db
00
00
00
00
00
02
21
e3
00
00
00
00
00
02
21
eb
00
00
00
00
00
02
21
f3
00
00
00
00
00
02
21
fb
c2
8e
c2
8f
e4
f5
8b
f5
8d
75
89
10
20
b0
fd
30
b0
fd
d2
8e
30
b0
03
30
8f
fa
30
b0
fd
30
b0
03
30
8f
fa
30
b0
fd
c2
8e
20
8f
d5
af
8b
ae
8d
ef
24
40
ff
e4
3e
fe
ef
33
ee
33
ff
c3
e4
9f
f5
8d
e4
f5
8b
75
89
20
d2
8e
43
87
80
75
98
5a
c2
98
30
98
fd
e5
99
b4
11
f6
02
05
78
a2
98
22
a2
99
22
e5
99
22
f5
99
22
c2
99
22
d2
99
22
c2
98
22
c2
ac
22
d2
ac
22
22
22
f0
22
00
00
00
00
00
00
00
00
00
00
00
00
00
00
00
00
00
00
00
00
00
00
00
00
00
00
00
00
00
00
00
00
00
00
00
00
00
00
00
00
00
00
00
00
00
00
00
00
00
00
00
00
00
00
00
00
00
00
00
00
00
00
00
00
00
00
00
00
00
00
00
00
00
00
00
00
00
00
00
00
00
00
00
00
00
00
00
00
00
00
00
00
00
00
00
00
00
00
00
00
00
00
00
00
00
00
00
00
00
00
00
00
00
00
00
00
00
00
00
00
00
00
00
00
00
00
00
00
00
00
00
00
00
00
00
00
00
00
00
00
00
00
00
00
00
00
00
00
00
00
00
00
00
00
00
00
00
00
00
00
00
00
00
00
00
00
00
00
00
00
00
00
00
00
00
00
00
00
00
00
00
00
00
00
00
00
00
00
00
00
00
00
00
00
00
00
00
00
00
00
00
00
00
00
00
00
00
00
00
00
00
00
00
00
00
00
00
00
00
00
00
00
00
00
00
00
00
00
00
00
00
00
00
00
00
00
00
00
00
00
00
00
00
00
00
00
00
00
00
00
00
00
00
00
00
00
00
00
00
00
00
00
00
00
00
00
00
00
00
00
00
00
00
00
00
00
00
00
00
00
00
00
00
00
00
00
00
00
00
00
00
00
00
00
00
00
00
00
00
00
00
00
00
00
00
00
00
00
00
00
00
00
00
00
00
00
00
00
00
00
00
00
00
00
00
00
00
00
00
00
00
00
00
00
00
00
00
00
00
00
00
00
00
00
00
00
00
00
00
00
00
00
00
00
00
00
00
00
00
00
00
00
00
00
00
00
00
00
00
00
00
00
00
00
00
00
00
00
00
00
00
00
00
00
00
00
00
00
00
00
00
00
c0
82
c0
83
c0
d0
c0
e0
12
05
6e
c0
e0
74
00
12
05
65
d0
e0
90
20
0d
f0
d0
e0
90
20
08
f0
d0
e0
a3
f0
e4
f5
d0
c5
a8
a3
f0
d0
e0
a3
f0
d0
e0
a3
f0
a3
d0
e0
a3
f0
d0
e0
a3
f0
a3
e4
93
c5
81
f0
e5
f0
a3
f0
e8
a3
f0
78
00
08
a3
e4
93
c6
f0
e8
b4
6f
f6
12
01
75
12
03
d2
12
0e
16
12
0d
0a
12
0b
d9
12
0b
d9
12
0b
d9
12
0d
0a
90
20
0e
e8
f0
a3
e9
f0
12
01
68
22
12
0d
0a
90
20
0d
b4
ff
02
80
01
f0
a3
e8
f0
a3
e9
f0
22
7a
01
12
06
cc
fc
12
0e
16
ae
01
ad
00
12
0d
48
b4
01
30
c0
83
c0
82
12
0d
02
b5
04
14
c3
ee
99
fb
ed
98
70
0c
bb
02
00
50
07
75
28
08
74
01
80
0d
a3
74
12
12
0d
15
74
02
12
0d
15
74
03
d0
82
d0
83
f0
0a
ba
0c
c6
22
7a
0b
12
0d
48
b4
03
0d
74
01
f0
12
0d
02
a3
12
0d
13
12
0d
13
da
eb
22
74
81
d2
10
f8
80
04
78
81
c2
10
90
20
08
b8
e0
02
80
24
a3
b8
d0
02
80
1e
a3
b8
a8
02
80
18
a3
b8
83
02
80
12
a3
b8
82
02
80
0c
90
20
10
b8
81
02
80
04
a3
b8
f0
08
20
10
02
f0
22
e4
93
22
79
e5
20
10
02
79
88
c0
e0
90
20
c4
e9
12
0a
cd
a9
82
e5
83
c8
a3
12
0d
2c
74
22
12
0d
2c
89
82
88
83
e4
d0
00
73
12
03
ea
c0
06
f9
e5
2c
12
0b
01
e5
2b
12
0b
01
e9
d0
06
02
03
f1
01
06
0f
01
01
02
01
01
01
01
01
01
01
01
01
01
23
0a
13
01
01
02
01
01
01
01
01
01
01
01
01
01
23
06
15
01
02
02
01
01
01
01
01
01
01
01
01
01
23
0a
19
01
02
02
01
01
01
01
01
01
01
01
01
01
1e
06
02
03
02
02
01
01
01
01
01
01
01
01
01
01
1e
0a
02
03
02
02
01
01
01
01
01
01
01
01
01
01
1e
06
02
03
02
02
01
01
01
01
01
01
01
01
01
01
1e
0a
02
25
02
03
02
02
02
02
02
02
02
02
02
02
1e
06
02
01
01
03
02
02
02
02
02
02
02
02
02
02
03
0a
02
01
02
02
01
01
01
01
01
01
01
01
01
01
02
06
02
01
01
01
02
02
02
02
02
02
02
02
02
02
02
0a
02
01
23
23
23
23
23
23
23
23
23
23
23
23
02
06
02
01
01
02
01
01
01
01
01
01
01
01
01
01
02
0a
02
01
01
23
01
01
1e
1e
1e
1e
1e
1e
1e
1e
01
06
01
01
01
02
01
01
01
01
01
01
01
01
01
01
01
0a
01
01
01
02
01
01
01
01
01
01
01
01
01
01
54
07
53
9f
f8
42
9f
00
22
e5
9f
54
07
22
22
42
33
2e
30
75
81
07
12
05
73
74
00
12
05
65
90
20
08
e4
78
06
f0
a3
d8
fc
74
21
f0
a3
74
00
f0
a3
74
07
f0
a3
e4
f0
f5
23
04
f5
24
90
20
00
79
00
78
a5
12
05
fd
78
33
12
05
fd
78
cc
12
05
fd
e9
60
10
7a
0b
7d
00
12
0d
c9
e4
f5
30
f5
31
90
20
07
f0
12
03
d2
12
09
f9
b4
11
0a
e5
23
12
09
ed
f4
f5
23
80
f0
b4
01
07
e5
24
12
09
ed
80
e6
12
05
e9
80
e1
f5
25
14
14
54
0e
90
0a
29
ff
93
cf
a3
93
8f
83
f5
82
e4
73
e4
93
68
49
f9
e8
f0
a3
22
74
06
12
09
ed
e5
28
12
09
ed
90
20
03
78
04
e4
93
12
09
ed
a3
d8
f8
74
04
12
09
ed
22
75
28
00
12
0a
05
f5
26
60
27
12
0a
05
f5
83
12
0a
05
f5
82
12
0a
05
f5
27
12
0a
05
12
0a
88
a3
d5
27
f6
12
0a
05
e5
25
60
03
75
28
02
12
06
06
22
12
0a
05
90
20
0e
f0
a3
12
0a
05
f0
12
0a
05
12
0a
05
b4
ff
02
80
db
90
20
0d
54
1f
f0
80
d3
75
28
00
12
0a
05
f5
26
12
0a
05
f5
83
12
0a
05
f5
82
12
0a
05
f5
27
12
0a
05
e5
25
60
07
75
28
02
12
06
06
22
75
25
00
74
02
12
0a
19
e5
26
60
12
12
0b
39
12
0a
19
a3
d5
27
f6
e4
c3
95
25
12
0a
19
22
12
06
cc
12
0a
19
90
20
0e
e4
93
12
0a
19
a3
e4
93
12
0a
19
80
e2
12
0e
16
c3
e9
94
00
e8
94
a0
40
08
90
20
0d
e4
93
44
80
22
74
ff
22
75
28
00
12
0a
05
f5
29
12
0a
05
f5
27
12
0a
05
f5
26
12
0a
05
f5
83
12
0a
05
f5
82
12
0a
05
e5
25
60
07
75
28
02
12
06
06
22
e4
b5
29
06
12
0d
94
02
06
06
04
b5
29
06
12
0d
bc
02
06
06
04
b5
29
06
12
0d
b8
02
06
06
04
b5
29
06
12
0d
c0
02
06
06
12
0d
ed
02
06
06
75
28
00
12
0a
05
f5
29
12
0a
05
f5
27
12
0a
05
f5
26
12
0a
05
f5
83
12
0a
05
f5
82
12
0a
05
fa
12
0a
05
f8
12
0a
05
f9
12
0a
05
e5
25
60
07
75
28
02
12
06
06
22
e4
b5
29
0c
12
0f
17
12
01
59
50
03
12
09
f9
22
04
b5
29
03
02
07
a8
04
b5
29
08
c2
11
12
0e
d1
02
07
a8
c2
12
12
0e
cf
20
12
0b
12
06
06
12
01
59
50
03
12
09
f9
22
75
25
00
74
02
12
0a
19
75
26
04
75
83
00
75
82
e0
12
0b
39
12
0a
19
75
82
f0
12
0b
39
12
0a
19
75
82
d0
75
2a
08
12
0b
39
54
18
f5
82
12
0b
39
12
0a
19
a3
d5
2a
f6
75
82
83
12
0b
39
12
0a
19
75
82
82
12
0b
39
12
0a
19
12
06
cc
c0
e0
e8
12
0a
19
e9
12
0a
19
75
82
d0
12
0b
39
12
0a
19
d0
e0
12
0a
19
e4
12
0a
19
e4
12
0a
19
e4
12
0a
19
75
82
81
12
0b
39
f5
82
12
0a
19
75
26
01
12
0b
39
12
0a
19
15
82
d5
27
f5
e4
c3
95
25
12
0a
19
22
75
28
00
12
0a
05
f5
26
12
0a
05
f5
83
12
0a
05
f5
82
12
0a
05
04
f5
29
12
0a
05
04
f5
27
12
0a
05
f5
2a
80
06
e5
2a
12
0a
88
a3
d5
27
f7
d5
29
f4
12
0a
05
e5
25
60
03
75
28
02
12
06
06
22
75
28
00
12
0a
05
e5
25
60
07
75
28
02
12
06
06
22
c2
11
12
0e
d1
12
06
cc
fa
90
20
03
e8
f0
a3
e9
f0
a3
a3
ea
f0
88
83
89
82
8a
26
12
0b
39
90
20
05
f0
12
06
06
22
75
28
00
12
0a
05
f5
29
12
0a
05
f5
27
12
0a
05
e5
25
60
06
75
28
02
02
06
06
e4
b5
29
06
53
24
fb
02
06
06
04
b5
29
06
43
24
04
02
06
06
04
b5
29
08
e4
f5
30
f5
31
02
06
06
85
30
82
e5
27
60
09
c3
e5
30
95
27
f5
82
50
07
e5
31
70
03
02
06
06
75
25
00
74
02
12
0a
19
75
83
0b
e4
93
12
0a
19
05
83
e4
93
12
0a
19
05
83
e4
93
12
0a
19
05
83
e4
93
12
0a
19
05
83
e4
93
12
0a
19
05
83
e4
93
12
0a
19
05
83
e4
93
12
0a
19
05
83
e4
93
12
0a
19
05
83
e4
93
12
0a
19
05
83
e4
93
12
0a
19
05
83
e4
93
12
0a
19
05
83
e4
93
12
0a
19
05
83
e4
93
12
0a
19
05
83
e4
93
12
0a
19
05
83
e4
93
12
0a
19
05
83
e4
93
12
0a
19
05
83
e4
93
12
0a
19
05
83
e4
93
12
0a
19
05
83
e4
93
12
0a
19
05
83
e4
93
12
0a
19
05
83
e4
93
12
0a
19
e4
c3
95
25
12
0a
19
22
75
28
00
12
0a
05
f5
29
12
0a
05
e5
25
60
06
75
28
02
02
06
06
e4
b5
29
07
90
20
07
f0
02
06
06
04
b5
29
07
90
20
07
f0
02
06
06
78
04
90
05
74
79
02
e4
93
f7
a3
09
d8
f9
78
04
90
20
03
79
02
e7
f0
a3
09
d8
fa
02
06
06
12
01
5c
50
fb
12
01
65
12
01
62
22
12
01
59
50
fb
12
01
5f
12
01
6b
22
12
01
59
50
fb
12
01
5f
12
01
6b
c0
e0
25
25
f5
25
d0
e0
22
12
01
5c
50
fb
12
01
65
12
01
62
25
25
f5
25
22
06
23
06
73
06
e3
07
3b
08
39
08
78
08
af
09
a4
c3
e5
82
94
00
e5
83
94
a0
22
ff
12
0a
39
50
0f
74
ff
12
05
65
ef
12
0a
cd
74
00
12
05
65
22
78
00
e8
12
05
65
ef
12
0a
cd
08
b8
08
f4
74
00
12
05
65
22
13
92
d5
12
0b
bf
c0
e0
12
0b
8c
0e
af
06
13
df
fd
a2
d5
33
de
fd
fe
d0
e0
02
0b
09
af
26
bf
01
02
80
77
bf
02
02
80
67
bf
03
02
80
64
bf
04
02
80
68
bf
05
02
80
a0
bf
06
02
80
c4
bf
ff
02
80
96
cf
54
e0
b4
80
16
12
0a
39
40
1f
e5
26
54
1f
12
05
65
ef
12
0a
cd
74
00
12
05
65
22
75
28
ff
22
12
01
76
ff
e4
93
b5
07
0a
22
e5
28
70
1f
75
28
09
80
0c
74
00
12
05
65
e5
28
70
11
75
28
03
c0
82
c0
83
90
20
05
d0
e0
f0
a3
d0
e0
f0
22
f0
22
a8
82
f2
22
09
89
82
7f
01
fe
e5
82
b4
70
00
40
07
20
e7
15
f8
ee
f6
22
c0
82
c0
83
90
20
12
12
0b
cf
ee
f0
d0
83
d0
82
22
bf
01
02
80
e6
c0
82
c0
83
f8
ee
12
03
f3
d0
83
d0
82
22
af
26
bf
01
02
80
4a
bf
02
02
80
3a
bf
03
02
80
37
bf
04
02
80
3b
bf
05
02
80
28
bf
ff
02
80
23
bf
06
02
80
54
ef
54
e0
b4
80
14
e5
26
54
1f
12
05
65
12
0b
7c
c0
e0
74
00
12
05
65
d0
e0
22
75
28
ff
22
e4
93
22
e0
22
a8
82
e2
22
89
82
19
7f
01
e5
82
b4
70
00
40
06
20
e7
10
f8
e6
22
c0
82
c0
83
90
20
12
93
d0
83
d0
82
22
bf
01
02
80
eb
c0
82
c0
83
12
03
ec
80
ed
12
0b
bf
12
0b
8c
0e
13
de
fd
e4
33
22
e5
82
fe
54
07
ce
6e
20
e7
05
03
03
03
24
20
22
25
82
f5
82
e4
35
83
f5
83
22
05
82
d5
82
02
15
83
15
82
22
90
00
23
7f
ff
12
0b
39
64
02
60
0b
74
02
7f
ff
12
0a
88
e5
28
70
38
a3
7f
ff
12
0b
39
64
0c
60
11
64
0c
64
0c
60
0b
74
0c
7f
ff
12
0a
88
e5
28
70
1d
a3
7f
ff
12
0b
39
64
af
60
11
64
af
64
7a
60
0b
74
af
7f
ff
12
0a
88
e5
28
70
02
c3
22
d3
22
12
01
6e
12
01
68
e5
81
24
fa
c8
86
83
08
86
82
a3
a3
a3
a6
82
18
a6
83
c8
90
20
0d
e4
93
12
05
65
d0
d0
d0
83
d0
82
d0
e0
12
0c
63
02
03
00
32
12
01
5c
50
fb
12
01
65
12
01
71
90
20
0a
e4
93
44
80
45
a8
f0
22
c0
e0
c0
82
c0
83
c0
d0
75
d0
00
12
05
6e
c0
e0
74
00
12
05
65
d0
e0
90
20
0d
f0
90
20
07
e4
93
70
2e
90
20
0d
e4
93
12
05
65
d0
d0
d0
83
d0
82
d0
e0
02
21
23
c0
e0
c0
82
c0
83
c0
d0
75
d0
00
12
05
6e
c0
e0
74
00
12
05
65
d0
e0
90
20
0d
f0
12
01
59
40
03
02
0c
e4
12
01
5f
12
01
6b
b4
11
03
02
0c
e4
b4
1b
03
02
0c
34
12
01
65
90
20
0d
e4
93
12
05
65
d0
d0
d0
83
d0
82
d0
e0
32
a3
e4
93
f8
a3
e4
93
f9
a3
22
12
0c
f8
e4
93
f5
26
22
c8
c5
83
c8
c9
c5
82
c9
22
e4
93
fb
12
0d
0a
12
0b
39
cb
c0
00
12
0a
88
d0
00
a3
12
0d
0a
eb
f0
a3
22
12
0a
cd
a3
22
f5
28
a8
82
a9
83
90
20
03
e5
27
f0
a3
e5
26
f0
a3
e9
f0
a3
e8
f0
22
ea
75
f0
06
a4
90
20
7c
12
0b
cf
e4
93
22
7a
00
0a
12
0d
48
b5
00
02
b3
22
ba
0a
f4
22
ae
83
af
82
7a
0a
12
0d
48
60
20
12
0c
f8
e4
93
b5
26
18
c3
e9
9f
fb
e8
9e
70
02
80
08
c3
ef
99
fb
ee
98
70
06
bb
02
00
50
01
22
da
d9
c3
22
12
0d
65
74
04
40
96
78
00
12
0d
56
74
05
50
8d
1a
8a
27
74
01
f0
a3
ee
f0
a3
ef
f0
a3
e5
26
f0
e4
02
0d
31
7d
01
80
06
7d
02
80
02
7d
00
e5
27
b4
80
10
7a
0a
12
0d
48
60
02
ed
f0
da
f7
22
e8
02
0d
31
78
07
b4
0a
00
50
f5
fa
0a
12
0d
48
78
06
60
ec
ed
f0
e4
02
0d
31
e5
27
78
07
b4
0a
00
50
dd
75
f0
06
a4
ff
90
20
82
93
f5
27
0f
ef
93
f8
0f
ef
93
f9
0f
ef
93
f5
26
88
83
89
82
e4
02
0d
31
90
20
0e
02
0c
f9
c2
13
ec
90
04
65
93
54
fc
90
0e
29
73
02
10
f2
00
02
0e
8b
00
02
0e
85
00
02
0e
80
00
02
0e
7a
00
02
0e
68
00
02
0e
64
00
02
10
ca
00
02
10
cc
00
74
e0
12
03
ec
f8
a3
a3
a3
e4
93
f9
a3
e4
93
28
f5
2c
e4
39
f5
2b
22
12
0e
68
32
12
03
ea
f9
12
0b
85
f5
2b
12
0b
85
f5
2c
e9
02
03
f1
20
11
1e
12
04
4f
8d
2b
8e
2c
22
20
11
13
12
04
4f
ec
03
c4
54
07
c5
2b
54
f8
45
2b
f5
2b
8d
2c
22
ae
2b
af
2c
7a
0b
12
0d
48
12
0d
a7
e5
24
54
04
60
03
02
0e
b8
7a
0b
12
03
8c
02
11
3d
12
06
06
d2
12
c2
11
80
03
12
0f
f2
12
0e
da
7a
0a
12
0f
d6
50
f3
22
d2
11
e5
24
54
04
60
03
12
0f
f2
12
06
cc
f5
26
88
2b
89
2c
12
0d
0a
12
0b
39
fc
a3
12
0b
39
fd
a3
12
0b
39
fe
ec
90
04
65
93
54
03
fa
25
2c
f5
2c
e4
35
2b
f5
2b
12
0e
1c
90
20
0d
e4
93
85
2c
82
85
2b
83
12
03
77
22
e5
26
60
0b
c0
00
c0
01
12
03
77
d0
01
d0
00
12
0d
0a
7d
00
ea
60
07
8a
26
12
0d
65
7d
01
7a
0b
12
0d
48
ed
12
0d
a9
e5
24
54
04
60
03
02
0f
5f
12
03
8a
e5
28
60
0d
64
03
70
09
12
03
d2
12
06
06
d2
12
22
12
11
3d
22
12
06
06
53
3b
00
90
20
07
e4
93
70
09
12
0e
d1
12
0f
d4
50
f8
22
12
01
59
50
51
12
09
f9
f8
e5
3b
05
3b
60
0b
14
60
14
14
60
18
14
60
1c
80
39
b8
1b
01
22
b8
04
32
12
09
ed
80
30
88
26
12
09
ed
80
29
88
3c
12
09
ed
80
22
88
82
12
09
ed
85
3c
83
e5
26
70
0d
90
20
0e
e4
93
12
09
ed
a3
e4
93
80
03
12
0b
39
12
09
ed
53
3b
00
12
0e
d1
12
0f
d4
50
a2
22
7a
00
12
0e
16
0a
ba
0c
01
22
12
0d
48
b4
01
f5
a3
e4
93
b5
00
ef
a3
e4
93
b5
01
e9
b3
22
90
20
08
e4
93
f5
32
a3
e4
93
f5
33
90
20
0b
e4
93
f5
34
a3
e4
93
f5
35
12
06
cc
f5
36
90
20
0e
e4
93
f5
37
a3
e4
93
f5
38
a3
e4
93
f5
39
a3
e4
93
f5
3a
e5
33
54
18
24
12
f5
82
e4
34
20
f5
83
e4
93
f8
a3
e4
93
f9
a3
e4
93
fa
a3
e4
93
fb
a3
e4
93
fc
a3
e4
93
fd
a3
e4
93
fe
a3
e4
93
ff
75
83
0b
85
30
82
e5
32
f0
05
83
e5
3a
f0
05
83
e8
f0
05
83
e9
f0
05
83
ea
f0
05
83
eb
f0
05
83
ec
f0
05
83
ed
f0
05
83
ee
f0
05
83
ef
f0
05
83
e5
35
f0
05
83
e5
34
f0
05
83
e5
38
f0
05
83
e5
37
f0
05
83
e5
33
f0
05
83
e5
39
f0
05
83
e5
80
f0
05
83
e5
90
f0
05
83
e5
a0
f0
05
83
e5
b0
f0
05
83
e5
36
f0
05
30
e5
30
70
03
75
31
01
22
74
12
12
0d
15
74
02
02
0d
15
8d
06
7f
00
ee
30
e7
01
1f
25
2c
f5
2e
ef
35
2b
f5
2d
d2
13
85
2b
83
85
2c
82
12
0b
d9
12
0d
0a
90
20
cd
74
02
12
0d
15
a8
2b
a9
2c
90
20
ce
12
10
c0
89
2f
30
13
03
12
10
c0
12
11
65
c0
e0
a8
2b
a9
2c
90
20
ce
12
0d
13
12
0d
13
30
13
18
12
0d
13
12
0d
13
85
2b
83
85
2c
82
12
0b
d9
12
0d
0a
90
20
cd
12
0d
13
d0
e0
b5
2f
06
85
2e
2c
85
2d
2b
22
90
20
07
e4
93
60
1c
12
0b
e3
50
0d
12
03
d2
74
64
f5
28
12
06
06
d2
12
22
12
06
06
d2
12
12
0c
64
80
05
12
06
06
d2
12
12
01
65
12
01
74
90
20
81
78
6f
e4
93
c6
f0
05
82
d5
82
02
15
83
15
82
d8
f1
e4
93
f8
90
20
11
e4
93
f5
f0
90
20
10
e4
93
c5
81
f0
90
20
0f
e4
93
c0
e0
90
20
0e
e4
93
c0
e0
90
20
0c
e4
93
c0
e0
90
20
0b
e4
93
c0
e0
90
20
0a
e4
93
f5
a8
90
20
09
e4
93
c0
e0
90
20
08
e4
93
c0
e0
90
20
0d
e4
93
12
05
65
d0
e0
d0
d0
d0
83
d0
82
22
00
00
00
00
00
00
00
00
00
00
00
00
00
00
00
00
00
00
00
00
00
00
00
00
00
00
00
00
00
00
00
00
00
00
00
00
00
00
00
00
00
00
00
00
00
00
00
00
00
00
00
00
00
00
00
00
00
00
00
00
00
00
00
00
00
00
00
00
00
00
00
00
00
00
00
00
00
00
00
00
00
00
00
00
00
00
00
00
00
00
00
00
00
00
00
00
00
00
00
00
00
00
00
00
00
00
00
00
00
00
00
00
00
00
00
00
00
00
00
00
00
00
00
00
00
00
00
00
00
00
00
00
00
00
00
00
00
00
00
00
00
00
00
00
00
00
00
00
00
00
00
00
00
00
00
00
00
00
00
00
00
00
00
00
00
00
00
00
00
00
00
00
00
00
00
00
00
00
00
00
00
00
00
00
00
00
00
00
00
00
00
00
00
00
00
00
00
00
00
00
00
00
00
00
00
00
00
00
00
00
00
00
00
00
00
00
00
00
00
00
00
00
00
00
00
00
00
00
00
00
00
00
00
00
00
00
00
00
00
00
00
00
00
00
00
00
00
00
00
00
00
00
00
00
00
00
00
00
00
00
00
00
00
00
00
00
00
00
00
00
00
00
00
00
00
00
00
00
00
00
00
00
00
00
00
00
00
00
00
00
00
00
00
00
00
00
00
00
00
00
00
00
00
00
00
00
00
00
00
00
00
00
00
00
00
00
00
00
00
00
00
00
00
00
00
00
00
00
00
00
00
00
00
00
00
00
00
00
00
00
00
00
00
00
00
00
00
00
00
00
00
00
00
00
00
00
00
00
00
00
00
00
00
00
00
00
00
00
00
00
00
00
00
00
00
00
00
00
00
00
00
00
00
00
00
00
00
00
00
00
00
00
00
00
00
00
00
00
00
00
00
00
00
00
00
00
00
00
00
00
00
00
00
00
00
00
00
00
00
00
00
00
00
00
00
00
00
00
00
00
00
00
00
00
00
00
00
00
00
00
00
00
00
00
00
00
00
00
00
00
00
00
00
00
00
00
00
00
00
00
00
00
00
00
00
00
00
00
00
00
00
00
00
00
00
00
00
00
00
00
00
00
00
00
00
00
00
00
00
00
00
00
00
00
00
00
00
00
00
00
00
00
00
00
00
00
00
00
00
00
00
00
00
00
00
00
00
00
00
00
00
00
00
00
00
00
00
00
00
00
00
00
00
00
00
00
00
00
00
00
00
00
00
00
00
00
00
00
00
00
00
00
00
00
00
00
00
00
00
00
00
00
00
00
00
00
00
00
00
00
00
00
00
00
00
00
00
00
00
00
00
00
00
00
00
00
00
00
00
00
00
00
00
00
00
00
00
00
00
00
00
00
00
00
00
00
00
00
00
00
00
00
00
00
00
00
00
00
00
00
00
00
00
00
00
00
00
00
00
00
00
00
00
00
00
00
00
00
00
00
00
00
00
00
00
00
00
00
00
00
00
00
00
00
00
00
00
00
00
00
00
00
00
00
00
00
00
00
00
00
00
00
00
00
00
00
00
00
00
00
00
00
00
00
00
00
00
00
00
00
00
00
00
00
00
00
00
00
00
00
00
00
00
00
00
00
00
00
00
00
00
00
00
00
00
00
00
00
00
00
00
00
00
00
00
00
00
00
00
00
00
00
00
00
00
00
00
00
00
00
00
00
00
00
00
00
00
00
00
00
00
00
00
00
00
00
00
00
00
00
00
00
00
00
00
00
00
00
00
00
00
00
00
00
00
00
00
00
00
00
00
00
00
00
00
00
00
00
00
00
00
00
00
00
00
00
00
00
00
00
00
00
00
00
00
00
00
00
00
00
00
00
00
00
00
00
00
00
00
00
00
00
00
00
00
00
00
00
00
00
00
00
00
00
00
00
00
00
00
00
00
00
00
00
00
00
00
00
00
00
00
00
00
00
00
00
00
00
00
00
00
00
00
00
00
00
00
00
00
00
00
00
00
00
00
00
00
00
00
00
00
00
00
00
00
00
00
00
00
00
00
00
00
00
00
00
00
00
00
00
00
00
00
00
00
00
00
00
00
00
00
00
00
00
00
00
00
00
00
00
00
00
00
00
00
00
00
00
00
00
00
00
00
00
00
00
00
00
00
00
00
00
00
00
00
00
00
00
00
00
00
00
00
00
00
00
00
00
00
00
00
00
00
00
00
00
00
00
00
00
00
00
00
00
00
00
00
00
00
00
00
00
00
00
00
00
00
00
00
00
00
00
00
00
00
00
00
00
00
00
00
00
00
00
00
00
00
00
00
00
00
00
00
00
00
00
00
00
00
00
00
00
00
00
00
00
00
00
00
00
00
00
00
00
00
00
00
00
00
00
00
00
00
00
00
00
00
00
00
00
00
00
00
00
00
00
00
00
00
00
00
00
00
00
00
00
00
00
00
00
00
00
00
00
00
00
00
00
00
00
00
00
00
00
00
00
00
00
00
00
00
00
00
00
00
00
00
00
00
00
00
00
00
00
00
00
00
00
00
00
00
00
00
00
00
00
00
00
00
00
00
00
00
00
00
00
00
00
00
00
00
00
00
00
00
00
00
00
00
00
00
00
00
00
00
00
00
00
00
00
00
00
00
00
00
00
00
00
00
00
00
00
00
00
00
00
00
00
00
00
00
00
00
00
00
00
00
00
00
00
00
00
00
00
00
00
00
00
00
00
00
00
00
00
00
00
00
00
00
00
00
00
00
00
00
00
00
00
00
00
00
00
00
00
00
00
00
00
00
00
00
00
00
00
00
00
00
00
00
00
00
00
00
00
00
00
00
00
00
00
00
00
00
00
00
00
00
00
00
00
00
00
00
00
00
00
00
00
00
00
00
00
00
00
00
00
00
00
00
00
00
00
00
00
00
00
00
00
00
00
00
00
00
00
00
00
00
00
00
00
00
00
00
00
00
00
00
00
00
00
00
00
00
00
00
00
00
00
00
00
00
00
00
00
00
00
00
00
00
00
00
00
00
00
00
00
00
00
00
00
00
00
00
00
00
00
00
00
00
00
00
00
00
00
00
00
00
00
00
00
00
00
00
00
00
00
00
00
00
00
00
00
00
00
00
00
00
00
00
00
00
00
00
00
00
00
00
00
00
00
00
00
00
00
00
00
00
00
00
00
00
00
00
00
00
00
00
00
00
00
00
00
00
00
00
00
00
00
00
00
00
00
00
00
00
00
00
00
00
00
00
00
00
00
00
00
00
00
00
00
00
00
00
00
00
00
00
00
00
00
00
00
00
00
00
00
00
00
00
00
00
00
00
00
00
00
00
00
00
00
00
00
00
00
00
00
00
00
00
00
00
00
00
00
00
00
00
00
00
00
00
00
00
00
00
00
00
00
00
00
00
00
00
00
00
00
00
00
00
00
00
00
00
00
00
00
00
00
00
00
00
00
00
00
00
00
00
00
00
00
00
00
00
00
00
00
00
00
00
00
00
00
00
00
00
00
00
00
00
00
00
00
00
00
00
00
00
00
00
00
00
00
00
00
00
00
00
00
00
00
00
00
00
00
00
00
00
00
00
00
00
00
00
00
00
00
00
00
00
00
00
00
00
00
00
00
00
00
00
00
00
00
00
00
00
00
00
00
00
00
00
00
00
00
00
00
00
00
00
00
00
00
00
00
00
00
00
00
00
00
00
00
00
00
00
00
00
00
00
00
00
00
00
00
00
00
00
00
00
00
00
00
00
00
00
00
00
00
00
00
00
00
00
00
00
00
00
00
00
00
00
00
00
00
00
00
00
00
00
00
00
00
00
00
00
00
00
00
00
00
00
00
00
00
00
00
00
00
00
00
00
00
00
00
00
00
00
00
00
00
00
00
00
00
00
00
00
00
00
00
00
00
00
00
00
00
00
00
00
00
00
00
00
00
00
00
00
00
00
00
00
00
00
00
00
00
00
00
00
00
00
00
00
00
00
00
00
00
00
00
00
00
00
00
00
00
00
00
00
00
00
00
00
00
00
00
00
00
00
00
00
00
00
00
00
00
00
00
00
00
00
00
00
00
00
00
00
00
00
00
00
00
00
00
00
00
00
00
00
00
00
00
00
00
00
00
00
00
00
00
00
00
00
00
00
00
00
00
00
00
00
00
00
00
00
00
00
00
00
00
00
00
00
00
00
00
00
00
00
00
00
00
00
00
00
00
00
00
00
00
00
00
00
00
00
00
00
00
00
00
00
00
00
00
00
00
00
00
00
00
00
00
00
00
00
00
00
00
00
00
00
00
00
00
00
00
00
00
00
00
00
00
00
00
00
00
00
00
00
00
00
00
00
00
00
00
00
00
00
00
00
00
00
00
00
00
00
00
00
00
00
00
00
00
00
00
00
00
00
00
00
00
00
00
00
00
00
00
00
00
00
00
00
00
00
00
00
00
00
00
00
00
00
00
00
00
00
00
00
00
00
00
00
00
00
00
00
00
00
00
00
00
00
00
00
00
00
00
00
00
00
00
00
00
00
00
00
00
00
00
00
00
00
00
00
00
00
00
00
00
00
00
00
00
00
00
00
00
00
00
00
00
00
00
00
00
00
00
00
00
00
00
00
00
00
00
00
00
00
00
00
00
00
00
00
00
00
00
00
00
00
00
00
00
00
00
00
00
00
00
00
00
00
00
00
00
00
00
00
00
00
00
00
00
00
00
00
00
00
00
00
00
00
00
00
00
00
00
00
00
00
00
00
00
00
00
00
00
00
00
00
00
00
00
00
00
00
00
00
00
00
00
00
00
00
00
00
00
00
00
00
00
00
00
00
00
00
00
00
00
00
00
00
00
00
00
00
00
00
00
00
00
00
00
00
00
00
00
00
00
00
00
00
00
00
00
00
00
00
00
00
00
00
00
00
00
00
00
00
00
00
00
00
00
00
00
00
00
00
00
00
00
00
00
00
00
00
00
00
00
00
00
00
00
00
00
00
00
00
00
00
00
00
00
00
00
00
00
00
00
00
00
00
00
00
00
00
00
00
00
00
00
00
00
00
00
00
00
00
00
00
00
00
00
00
00
00
00
00
00
00
00
00
00
00
00
00
00
00
00
00
00
00
00
00
00
00
00
00
00
00
00
00
00
00
00
00
00
00
00
00
00
00
00
00
00
00
00
00
00
00
00
00
00
00
00
00
00
00
00
00
00
00
00
00
00
00
00
00
00
00
00
00
00
00
00
00
00
00
00
00
00
00
00
00
00
00
00
00
00
00
00
00
00
00
00
00
00
00
00
00
00
00
00
00
00
00
00
00
00
00
00
00
00
00
00
00
00
00
00
00
00
00
00
00
00
00
00
00
00
00
00
00
00
00
00
00
00
00
00
00
00
00
00
00
00
00
00
00
00
00
00
00
00
00
00
00
00
00
00
00
00
00
00
00
00
00
00
00
00
00
00
00
00
00
00
00
00
00
00
00
00
00
00
00
00
00
00
00
00
00
00
00
00
00
00
00
00
00
00
00
00
00
00
00
00
00
00
00
00
00
00
00
00
00
00
00
00
00
00
00
00
00
00
00
00
00
00
00
00
00
00
00
00
00
00
00
00
00
00
00
00
00
00
00
00
00
00
00
00
00
00
00
00
00
00
00
00
00
00
00
00
00
00
00
00
00
00
00
00
00
00
00
00
00
00
00
00
00
00
00
00
00
00
00
00
00
00
00
00
00
00
00
00
00
00
00
00
00
00
00
00
00
00
00
00
00
00
00
00
00
00
00
00
00
00
00
00
00
00
00
00
00
00
00
00
00
00
00
00
00
00
00
00
00
00
00
00
00
00
00
00
00
00
00
00
00
00
00
00
00
00
00
00
00
00
00
00
00
00
00
00
00
00
00
00
00
00
00
00
00
00
00
00
00
00
00
00
00
00
00
00
00
00
00
00
00
00
00
00
00
00
00
00
00
00
00
00
00
00
00
00
00
00
00
00
00
00
00
00
00
00
00
00
00
00
00
00
00
00
00
00
00
00
00
00
00
00
00
00
00
00
00
00
00
00
00
00
00
00
00
00
00
00
00
00
00
00
00
00
00
00
00
00
00
00
00
00
00
00
00
00
00
00
00
00
00
00
00
00
00
00
00
00
00
00
00
00
00
00
00
00
00
00
00
00
00
00
00
00
00
00
00
00
00
00
00
00
00
00
00
00
00
00
00
00
00
00
00
00
00
00
00
00
00
00
00
00
00
00
00
00
00
00
00
00
00
00
00
00
00
00
00
00
00
00
00
00
00
00
00
00
00
00
00
00
00
00
00
00
00
00
00
00
00
00
00
00
00
00
00
00
00
00
00
00
00
00
00
00
00
00
00
00
00
00
00
00
00
00
00
00
00
00
00
00
00
00
00
00
00
00
00
00
00
00
00
00
00
00
00
00
00
00
00
00
00
00
00
00
00
00
00
00
00
00
00
00
00
00
00
00
00
00
00
00
00
00
00
00
00
00
00
00
00
00
00
00
00
00
00
00
00
00
00
00
00
00
00
00
00
00
00
00
00
00
00
00
00
00
00
00
00
00
00
00
00
00
00
00
00
00
00
00
00
00
00
00
00
00
00
00
00
00
00
00
00
00
00
00
00
00
00
00
00
00
00
00
00
00
00
00
00
00
00
00
00
00
00
00
00
00
00
00
00
00
00
00
00
00
00
00
00
00
00
00
00
00
00
00
00
00
00
00
00
00
00
00
00
00
00
00
00
00
00
00
00
00
00
00
00
00
00
00
00
00
00
00
00
00
00
00
00
00
00
00
00
00
00
00
00
00
00
00
00
00
00
00
00
00
00
00
00
00
00
00
00
00
00
00
00
00
00
00
00
00
00
00
00
00
00
00
00
00
00
00
00
00
00
00
00
00
00
00
00
00
00
00
00
00
00
00
00
00
00
00
00
00
00
00
00
00
00
00
00
00
00
00
00
00
00
00
00
00
00
00
00
00
00
00
00
00
00
00
00
00
00
00
00
00
00
00
00
00
00
00
00
00
00
00
00
00
00
00
00
00
00
00
00
00
00
00
00
00
00
00
00
00
00
00
00
00
00
00
00
00
00
00
00
00
00
00
00
00
00
00
00
00
00
00
00
00
00
00
00
00
00
00
00
00
00
00
00
00
00
00
00
00
00
00
00
00
00
00
00
00
00
00
00
00
00
00
00
00
00
00
00
00
00
00
00
00
00
00
00
00
00
00
00
00
00
00
00
00
00
00
00
00
00
00
00
00
00
00
00
00
00
00
00
00
00
00
00
00
00
00
00
00
00
00
00
00
00
00
00
00
00
00
00
00
00
00
00
00
00
00
00
00
00
00
00
00
00
00
00
00
00
00
00
00
00
00
00
00
00
00
00
00
00
00
00
00
00
00
00
00
00
00
00
00
00
00
00
00
00
00
00
00
00
00
00
00
00
00
00
00
00
00
00
00
00
00
00
00
00
00
00
00
00
00
00
00
00
00
00
00
00
00
00
00
00
00
00
00
00
00
00
00
00
00
00
00
00
00
00
00
00
00
00
00
00
00
00
00
00
00
00
00
00
00
00
00
00
00
00
00
00
00
00
00
00
00
00
00
00
00
00
00
00
00
00
00
00
00
00
00
00
00
00
00
00
00
00
00
00
00
00
00
00
00
00
00
00
00
00
00
00
00
00
00
00
00
00
00
00
00
00
00
00
00
00
00
00
00
00
00
00
00
00
00
00
00
00
00
00
00
00
00
00
00
00
00
00
00
00
00
00
00
00
00
00
00
00
00
00
00
00
00
00
00
00
00
00
00
00
00
00
00
00
00
00
00
00
00
00
00
00
00
00
00
00
00
00
00
00
00
00
00
00
00
00
00
00
00
00
00
00
00
00
00
00
00
00
00
00
00
00
00
00
00
00
00
00
00
00
00
00
00
00
00
00
00
00
00
00
00
00
00
00
00
00
00
00
00
00
00
00
00
00
00
00
00
00
00
00
00
00
00
00
00
00
00
00
00
00
00
00
00
00
00
00
00
00
00
00
00
00
00
00
00
00
00
00
00
00
00
00
00
00
00
00
00
00
00
00
00
00
00
00
00
00
00
00
00
00
00
00
00
00
00
00
00
00
00
00
00
00
00
00
00
00
00
00
00
00
00
00
00
00
00
00
00
00
00
00
00
00
00
00
00
00
00
00
00
00
00
00
00
00
00
00
00
00
00
00
00
00
00
00
00
00
00
00
00
00
00
00
00
00
