02 00 FE 02 21 03 00 00 
00 00 00 02 21 0B 00 00 
00 00 00 02 21 13 00 00 
00 00 00 02 21 1B 00 00 
00 00 00 02 0C 7A 00 00 
00 00 00 02 21 2B 00 00 
00 00 00 02 21 33 00 00 
00 00 00 02 21 3B 00 00 
00 00 00 02 21 43 00 00 
00 00 00 02 21 4B 00 00 
00 00 00 02 21 53 00 00 
00 00 00 02 21 5B 00 00 
00 00 00 02 21 63 00 00 
00 00 00 02 21 6B 00 00 
00 00 00 02 21 73 00 00 
00 00 00 02 21 7B 00 00 
00 00 00 02 21 83 00 00 
00 00 00 02 21 8B 00 00 
00 00 00 02 21 93 00 00 
00 00 00 02 21 9B 00 00 
00 00 00 02 21 A3 00 00 
00 00 00 02 21 AB 00 00 
00 00 00 02 21 B3 00 00 
00 00 00 02 21 BB 00 00 
00 00 00 02 21 C3 00 00 
00 00 00 02 21 CB 00 00 
00 00 00 02 21 D3 00 00 
00 00 00 02 21 DB 00 00 
00 00 00 02 21 E3 00 00 
00 00 00 02 21 EB 00 00 
00 00 00 02 21 F3 00 00 
00 00 00 02 21 FB C2 8E 
C2 8F E4 F5 8B F5 8D 75 
89 10 20 B0 FD 30 B0 FD 
D2 8E 30 B0 03 30 8F FA 
30 B0 FD 30 B0 03 30 8F 
FA 30 B0 FD C2 8E 20 8F 
D5 AF 8B AE 8D EF 24 40 
FF E4 3E FE EF 33 EE 33 
FF C3 E4 9F F5 8D E4 F5 
8B 75 89 20 D2 8E 43 87 
80 75 98 5A C2 98 30 98 
FD E5 99 B4 11 F6 02 05 
78 A2 98 22 A2 99 22 E5 
99 22 F5 99 22 C2 99 22 
D2 99 22 C2 98 22 C2 AC 
22 D2 AC 22 22 22 F0 22 
00 00 00 00 00 00 00 00 
00 00 00 00 00 00 00 00 
00 00 00 00 00 00 00 00 
00 00 00 00 00 00 00 00 
00 00 00 00 00 00 00 00 
00 00 00 00 00 00 00 00 
00 00 00 00 00 00 00 00 
00 00 00 00 00 00 00 00 
00 00 00 00 00 00 00 00 
00 00 00 00 00 00 00 00 
00 00 00 00 00 00 00 00 
00 00 00 00 00 00 00 00 
00 00 00 00 00 00 00 00 
00 00 00 00 00 00 00 00 
00 00 00 00 00 00 00 00 
00 00 00 00 00 00 00 00 
00 00 00 00 00 00 00 00 
00 00 00 00 00 00 00 00 
00 00 00 00 00 00 00 00 
00 00 00 00 00 00 00 00 
00 00 00 00 00 00 00 00 
00 00 00 00 00 00 00 00 
00 00 00 00 00 00 00 00 
00 00 00 00 00 00 00 00 
00 00 00 00 00 00 00 00 
00 00 00 00 00 00 00 00 
00 00 00 00 00 00 00 00 
00 00 00 00 00 00 00 00 
00 00 00 00 00 00 00 00 
00 00 00 00 00 00 00 00 
00 00 00 00 00 00 00 00 
00 00 00 00 00 00 00 00 
00 00 00 00 00 00 00 00 
00 00 00 00 00 00 00 00 
00 00 00 00 00 00 00 00 
00 00 00 00 00 00 00 00 
00 00 00 00 00 00 00 00 
00 00 00 00 00 00 00 00 
00 00 00 00 00 00 00 00 
00 00 00 00 00 00 00 00 
00 00 00 00 00 00 00 00 
00 00 00 00 00 00 00 00 
00 00 00 00 00 00 00 00 
00 00 00 00 00 00 00 00 
00 00 00 00 00 00 00 00 
00 00 00 00 00 00 00 00 
00 00 00 00 00 00 00 00 
00 00 00 00 00 00 00 00 
00 00 00 00 00 00 00 00 
C0 82 C0 83 C0 D0 C0 E0 
12 05 6E C0 E0 74 00 12 
05 65 D0 E0 90 20 0D F0 
D0 E0 90 20 08 F0 D0 E0 
A3 F0 E4 F5 D0 C5 A8 A3 
F0 D0 E0 A3 F0 D0 E0 A3 
F0 A3 D0 E0 A3 F0 D0 E0 
A3 F0 A3 E4 93 C5 81 F0 
E5 F0 A3 F0 E8 A3 F0 78 
00 08 A3 E4 93 C6 F0 E8 
B4 6F F6 12 01 75 12 03 
D2 12 0E 16 12 0D 0A 12 
0B D9 12 0B D9 12 0B D9 
12 0D 0A 90 20 0E E8 F0 
A3 E9 F0 12 01 68 22 12 
0D 0A 90 20 0D B4 FF 02 
80 01 F0 A3 E8 F0 A3 E9 
F0 22 7A 01 12 06 CC FC 
12 0E 16 AE 01 AD 00 12 
0D 48 B4 01 30 C0 83 C0 
82 12 0D 02 B5 04 14 C3 
EE 99 FB ED 98 70 0C BB 
02 00 50 07 75 28 08 74 
01 80 0D A3 74 12 12 0D 
15 74 02 12 0D 15 74 03 
D0 82 D0 83 F0 0A BA 0C 
C6 22 7A 0B 12 0D 48 B4 
03 0D 74 01 F0 12 0D 02 
A3 12 0D 13 12 0D 13 DA 
EB 22 74 81 D2 10 F8 80 
04 78 81 C2 10 90 20 08 
B8 E0 02 80 24 A3 B8 D0 
02 80 1E A3 B8 A8 02 80 
18 A3 B8 83 02 80 12 A3 
B8 82 02 80 0C 90 20 10 
B8 81 02 80 04 A3 B8 F0 
08 20 10 02 F0 22 E4 93 
22 79 E5 20 10 02 79 88 
C0 E0 90 20 C4 E9 12 0A 
CD A9 82 E5 83 C8 A3 12 
0D 2C 74 22 12 0D 2C 89 
82 88 83 E4 D0 00 73 12 
03 EA C0 06 F9 E5 2C 12 
0B 01 E5 2B 12 0B 01 E9 
D0 06 02 03 F1 01 06 0F 
01 01 02 01 01 01 01 01 
01 01 01 01 01 23 0A 13 
01 01 02 01 01 01 01 01 
01 01 01 01 01 23 06 15 
01 02 02 01 01 01 01 01 
01 01 01 01 01 23 0A 19 
01 02 02 01 01 01 01 01 
01 01 01 01 01 1E 06 02 
03 02 02 01 01 01 01 01 
01 01 01 01 01 1E 0A 02 
03 02 02 01 01 01 01 01 
01 01 01 01 01 1E 06 02 
03 02 02 01 01 01 01 01 
01 01 01 01 01 1E 0A 02 
25 02 03 02 02 02 02 02 
02 02 02 02 02 1E 06 02 
01 01 03 02 02 02 02 02 
02 02 02 02 02 03 0A 02 
01 02 02 01 01 01 01 01 
01 01 01 01 01 02 06 02 
01 01 01 02 02 02 02 02 
02 02 02 02 02 02 0A 02 
01 23 23 23 23 23 23 23 
23 23 23 23 23 02 06 02 
01 01 02 01 01 01 01 01 
01 01 01 01 01 02 0A 02 
01 01 23 01 01 1E 1E 1E 
1E 1E 1E 1E 1E 01 06 01 
01 01 02 01 01 01 01 01 
01 01 01 01 01 01 0A 01 
01 01 02 01 01 01 01 01 
01 01 01 01 01 54 07 53 
9F F8 42 9F 00 22 E5 9F 
54 07 22 22 42 33 2E 30 
75 81 07 12 05 73 74 00 
12 05 65 90 20 08 E4 78 
06 F0 A3 D8 FC 74 21 F0 
A3 74 00 F0 A3 74 07 F0 
A3 E4 F0 F5 23 04 F5 24 
90 20 00 79 00 78 A5 12 
05 FD 78 33 12 05 FD 78 
CC 12 05 FD E9 60 10 7A 
0B 7D 00 12 0D C9 E4 F5 
30 F5 31 90 20 07 F0 12 
03 D2 12 09 F9 B4 11 0A 
E5 23 12 09 ED F4 F5 23 
80 F0 B4 01 07 E5 24 12 
09 ED 80 E6 12 05 E9 80 
E1 F5 25 14 14 54 0E 90 
0A 29 FF 93 CF A3 93 8F 
83 F5 82 E4 73 E4 93 68 
49 F9 E8 F0 A3 22 74 06 
12 09 ED E5 28 12 09 ED 
90 20 03 78 04 E4 93 12 
09 ED A3 D8 F8 74 04 12 
09 ED 22 75 28 00 12 0A 
05 F5 26 60 27 12 0A 05 
F5 83 12 0A 05 F5 82 12 
0A 05 F5 27 12 0A 05 12 
0A 88 A3 D5 27 F6 12 0A 
05 E5 25 60 03 75 28 02 
12 06 06 22 12 0A 05 90 
20 0E F0 A3 12 0A 05 F0 
12 0A 05 12 0A 05 B4 FF 
02 80 DB 90 20 0D 54 1F 
F0 80 D3 75 28 00 12 0A 
05 F5 26 12 0A 05 F5 83 
12 0A 05 F5 82 12 0A 05 
F5 27 12 0A 05 E5 25 60 
07 75 28 02 12 06 06 22 
75 25 00 74 02 12 0A 19 
E5 26 60 12 12 0B 39 12 
0A 19 A3 D5 27 F6 E4 C3 
95 25 12 0A 19 22 12 06 
CC 12 0A 19 90 20 0E E4 
93 12 0A 19 A3 E4 93 12 
0A 19 80 E2 12 0E 16 C3 
E9 94 00 E8 94 A0 40 08 
90 20 0D E4 93 44 80 22 
74 FF 22 75 28 00 12 0A 
05 F5 29 12 0A 05 F5 27 
12 0A 05 F5 26 12 0A 05 
F5 83 12 0A 05 F5 82 12 
0A 05 E5 25 60 07 75 28 
02 12 06 06 22 E4 B5 29 
06 12 0D 94 02 06 06 04 
B5 29 06 12 0D BC 02 06 
06 04 B5 29 06 12 0D B8 
02 06 06 04 B5 29 06 12 
0D C0 02 06 06 12 0D ED 
02 06 06 75 28 00 12 0A 
05 F5 29 12 0A 05 F5 27 
12 0A 05 F5 26 12 0A 05 
F5 83 12 0A 05 F5 82 12 
0A 05 FA 12 0A 05 F8 12 
0A 05 F9 12 0A 05 E5 25 
60 07 75 28 02 12 06 06 
22 E4 B5 29 0C 12 0F 17 
12 01 59 50 03 12 09 F9 
22 04 B5 29 03 02 07 A8 
04 B5 29 08 C2 11 12 0E 
D1 02 07 A8 C2 12 12 0E 
CF 20 12 0B 12 06 06 12 
01 59 50 03 12 09 F9 22 
75 25 00 74 02 12 0A 19 
75 26 04 75 83 00 75 82 
E0 12 0B 39 12 0A 19 75 
82 F0 12 0B 39 12 0A 19 
75 82 D0 75 2A 08 12 0B 
39 54 18 F5 82 12 0B 39 
12 0A 19 A3 D5 2A F6 75 
82 83 12 0B 39 12 0A 19 
75 82 82 12 0B 39 12 0A 
19 12 06 CC C0 E0 E8 12 
0A 19 E9 12 0A 19 75 82 
D0 12 0B 39 12 0A 19 D0 
E0 12 0A 19 E4 12 0A 19 
E4 12 0A 19 E4 12 0A 19 
75 82 81 12 0B 39 F5 82 
12 0A 19 75 26 01 12 0B 
39 12 0A 19 15 82 D5 27 
F5 E4 C3 95 25 12 0A 19 
22 75 28 00 12 0A 05 F5 
26 12 0A 05 F5 83 12 0A 
05 F5 82 12 0A 05 04 F5 
29 12 0A 05 04 F5 27 12 
0A 05 F5 2A 80 06 E5 2A 
12 0A 88 A3 D5 27 F7 D5 
29 F4 12 0A 05 E5 25 60 
03 75 28 02 12 06 06 22 
75 28 00 12 0A 05 E5 25 
60 07 75 28 02 12 06 06 
22 C2 11 12 0E D1 12 06 
CC FA 90 20 03 E8 F0 A3 
E9 F0 A3 A3 EA F0 88 83 
89 82 8A 26 12 0B 39 90 
20 05 F0 12 06 06 22 75 
28 00 12 0A 05 F5 29 12 
0A 05 F5 27 12 0A 05 E5 
25 60 06 75 28 02 02 06 
06 E4 B5 29 06 53 24 FB 
02 06 06 04 B5 29 06 43 
24 04 02 06 06 04 B5 29 
08 E4 F5 30 F5 31 02 06 
06 85 30 82 E5 27 60 09 
C3 E5 30 95 27 F5 82 50 
07 E5 31 70 03 02 06 06 
75 25 00 74 02 12 0A 19 
75 83 0B E4 93 12 0A 19 
05 83 E4 93 12 0A 19 05 
83 E4 93 12 0A 19 05 83 
E4 93 12 0A 19 05 83 E4 
93 12 0A 19 05 83 E4 93 
12 0A 19 05 83 E4 93 12 
0A 19 05 83 E4 93 12 0A 
19 05 83 E4 93 12 0A 19 
05 83 E4 93 12 0A 19 05 
83 E4 93 12 0A 19 05 83 
E4 93 12 0A 19 05 83 E4 
93 12 0A 19 05 83 E4 93 
12 0A 19 05 83 E4 93 12 
0A 19 05 83 E4 93 12 0A 
19 05 83 E4 93 12 0A 19 
05 83 E4 93 12 0A 19 05 
83 E4 93 12 0A 19 05 83 
E4 93 12 0A 19 05 83 E4 
93 12 0A 19 E4 C3 95 25 
12 0A 19 22 75 28 00 12 
0A 05 F5 29 12 0A 05 E5 
25 60 06 75 28 02 02 06 
06 E4 B5 29 07 90 20 07 
F0 02 06 06 04 B5 29 07 
90 20 07 F0 02 06 06 78 
04 90 05 74 79 02 E4 93 
F7 A3 09 D8 F9 78 04 90 
20 03 79 02 E7 F0 A3 09 
D8 FA 02 06 06 12 01 5C 
50 FB 12 01 65 12 01 62 
22 12 01 59 50 FB 12 01 
5F 12 01 6B 22 12 01 59 
50 FB 12 01 5F 12 01 6B 
C0 E0 25 25 F5 25 D0 E0 
22 12 01 5C 50 FB 12 01 
65 12 01 62 25 25 F5 25 
22 06 23 06 73 06 E3 07 
3B 08 39 08 78 08 AF 09 
A4 C3 E5 82 94 00 E5 83 
94 A0 22 FF 12 0A 39 50 
0F 74 FF 12 05 65 EF 12 
0A CD 74 00 12 05 65 22 
78 00 E8 12 05 65 EF 12 
0A CD 08 B8 08 F4 74 00 
12 05 65 22 13 92 D5 12 
0B BF C0 E0 12 0B 8C 0E 
AF 06 13 DF FD A2 D5 33 
DE FD FE D0 E0 02 0B 09 
AF 26 BF 01 02 80 77 BF 
02 02 80 67 BF 03 02 80 
64 BF 04 02 80 68 BF 05 
02 80 A0 BF 06 02 80 C4 
BF FF 02 80 96 CF 54 E0 
B4 80 16 12 0A 39 40 1F 
E5 26 54 1F 12 05 65 EF 
12 0A CD 74 00 12 05 65 
22 75 28 FF 22 12 01 76 
FF E4 93 B5 07 0A 22 E5 
28 70 1F 75 28 09 80 0C 
74 00 12 05 65 E5 28 70 
11 75 28 03 C0 82 C0 83 
90 20 05 D0 E0 F0 A3 D0 
E0 F0 22 F0 22 A8 82 F2 
22 09 89 82 7F 01 FE E5 
82 B4 70 00 40 07 20 E7 
15 F8 EE F6 22 C0 82 C0 
83 90 20 12 12 0B CF EE 
F0 D0 83 D0 82 22 BF 01 
02 80 E6 C0 82 C0 83 F8 
EE 12 03 F3 D0 83 D0 82 
22 AF 26 BF 01 02 80 4A 
BF 02 02 80 3A BF 03 02 
80 37 BF 04 02 80 3B BF 
05 02 80 28 BF FF 02 80 
23 BF 06 02 80 54 EF 54 
E0 B4 80 14 E5 26 54 1F 
12 05 65 12 0B 7C C0 E0 
74 00 12 05 65 D0 E0 22 
75 28 FF 22 E4 93 22 E0 
22 A8 82 E2 22 89 82 19 
7F 01 E5 82 B4 70 00 40 
06 20 E7 10 F8 E6 22 C0 
82 C0 83 90 20 12 93 D0 
83 D0 82 22 BF 01 02 80 
EB C0 82 C0 83 12 03 EC 
80 ED 12 0B BF 12 0B 8C 
0E 13 DE FD E4 33 22 E5 
82 FE 54 07 CE 6E 20 E7 
05 03 03 03 24 20 22 25 
82 F5 82 E4 35 83 F5 83 
22 05 82 D5 82 02 15 83 
15 82 22 90 00 23 7F FF 
12 0B 39 64 02 60 0B 74 
02 7F FF 12 0A 88 E5 28 
70 38 A3 7F FF 12 0B 39 
64 0C 60 11 64 0C 64 0C 
60 0B 74 0C 7F FF 12 0A 
88 E5 28 70 1D A3 7F FF 
12 0B 39 64 AF 60 11 64 
AF 64 7A 60 0B 74 AF 7F 
FF 12 0A 88 E5 28 70 02 
C3 22 D3 22 12 01 6E 12 
01 68 E5 81 24 FA C8 86 
83 08 86 82 A3 A3 A3 A6 
82 18 A6 83 C8 90 20 0D 
E4 93 12 05 65 D0 D0 D0 
83 D0 82 D0 E0 12 0C 63 
02 03 00 32 12 01 5C 50 
FB 12 01 65 12 01 71 90 
20 0A E4 93 44 80 45 A8 
F0 22 C0 E0 C0 82 C0 83 
C0 D0 75 D0 00 12 05 6E 
C0 E0 74 00 12 05 65 D0 
E0 90 20 0D F0 90 20 07 
E4 93 70 2E 90 20 0D E4 
93 12 05 65 D0 D0 D0 83 
D0 82 D0 E0 02 21 23 C0 
E0 C0 82 C0 83 C0 D0 75 
D0 00 12 05 6E C0 E0 74 
00 12 05 65 D0 E0 90 20 
0D F0 12 01 59 40 03 02 
0C E4 12 01 5F 12 01 6B 
B4 11 03 02 0C E4 B4 1B 
03 02 0C 34 12 01 65 90 
20 0D E4 93 12 05 65 D0 
D0 D0 83 D0 82 D0 E0 32 
A3 E4 93 F8 A3 E4 93 F9 
A3 22 12 0C F8 E4 93 F5 
26 22 C8 C5 83 C8 C9 C5 
82 C9 22 E4 93 FB 12 0D 
0A 12 0B 39 CB C0 00 12 
0A 88 D0 00 A3 12 0D 0A 
EB F0 A3 22 12 0A CD A3 
22 F5 28 A8 82 A9 83 90 
20 03 E5 27 F0 A3 E5 26 
F0 A3 E9 F0 A3 E8 F0 22 
EA 75 F0 06 A4 90 20 7C 
12 0B CF E4 93 22 7A 00 
0A 12 0D 48 B5 00 02 B3 
22 BA 0A F4 22 AE 83 AF 
82 7A 0A 12 0D 48 60 20 
12 0C F8 E4 93 B5 26 18 
C3 E9 9F FB E8 9E 70 02 
80 08 C3 EF 99 FB EE 98 
70 06 BB 02 00 50 01 22 
DA D9 C3 22 12 0D 65 74 
04 40 96 78 00 12 0D 56 
74 05 50 8D 1A 8A 27 74 
01 F0 A3 EE F0 A3 EF F0 
A3 E5 26 F0 E4 02 0D 31 
7D 01 80 06 7D 02 80 02 
7D 00 E5 27 B4 80 10 7A 
0A 12 0D 48 60 02 ED F0 
DA F7 22 E8 02 0D 31 78 
07 B4 0A 00 50 F5 FA 0A 
12 0D 48 78 06 60 EC ED 
F0 E4 02 0D 31 E5 27 78 
07 B4 0A 00 50 DD 75 F0 
06 A4 FF 90 20 82 93 F5 
27 0F EF 93 F8 0F EF 93 
F9 0F EF 93 F5 26 88 83 
89 82 E4 02 0D 31 90 20 
0E 02 0C F9 C2 13 EC 90 
04 65 93 54 FC 90 0E 29 
73 02 10 F2 00 02 0E 8B 
00 02 0E 85 00 02 0E 80 
00 02 0E 7A 00 02 0E 68 
00 02 0E 64 00 02 10 CA 
00 02 10 CC 00 74 E0 12 
03 EC F8 A3 A3 A3 E4 93 
F9 A3 E4 93 28 F5 2C E4 
39 F5 2B 22 12 0E 68 32 
12 03 EA F9 12 0B 85 F5 
2B 12 0B 85 F5 2C E9 02 
03 F1 20 11 1E 12 04 4F 
8D 2B 8E 2C 22 20 11 13 
12 04 4F EC 03 C4 54 07 
C5 2B 54 F8 45 2B F5 2B 
8D 2C 22 AE 2B AF 2C 7A 
0B 12 0D 48 12 0D A7 E5 
24 54 04 60 03 02 0E B8 
7A 0B 12 03 8C 02 11 3D 
12 06 06 D2 12 C2 11 80 
03 12 0F F2 12 0E DA 7A 
0A 12 0F D6 50 F3 22 D2 
11 E5 24 54 04 60 03 12 
0F F2 12 06 CC F5 26 88 
2B 89 2C 12 0D 0A 12 0B 
39 FC A3 12 0B 39 FD A3 
12 0B 39 FE EC 90 04 65 
93 54 03 FA 25 2C F5 2C 
E4 35 2B F5 2B 12 0E 1C 
90 20 0D E4 93 85 2C 82 
85 2B 83 12 03 77 22 E5 
26 60 0B C0 00 C0 01 12 
03 77 D0 01 D0 00 12 0D 
0A 7D 00 EA 60 07 8A 26 
12 0D 65 7D 01 7A 0B 12 
0D 48 ED 12 0D A9 E5 24 
54 04 60 03 02 0F 5F 12 
03 8A E5 28 60 0D 64 03 
70 09 12 03 D2 12 06 06 
D2 12 22 12 11 3D 22 12 
06 06 53 3B 00 90 20 07 
E4 93 70 09 12 0E D1 12 
0F D4 50 F8 22 12 01 59 
50 51 12 09 F9 F8 E5 3B 
05 3B 60 0B 14 60 14 14 
60 18 14 60 1C 80 39 B8 
1B 01 22 B8 04 32 12 09 
ED 80 30 88 26 12 09 ED 
80 29 88 3C 12 09 ED 80 
22 88 82 12 09 ED 85 3C 
83 E5 26 70 0D 90 20 0E 
E4 93 12 09 ED A3 E4 93 
80 03 12 0B 39 12 09 ED 
53 3B 00 12 0E D1 12 0F 
D4 50 A2 22 7A 00 12 0E 
16 0A BA 0C 01 22 12 0D 
48 B4 01 F5 A3 E4 93 B5 
00 EF A3 E4 93 B5 01 E9 
B3 22 90 20 08 E4 93 F5 
32 A3 E4 93 F5 33 90 20 
0B E4 93 F5 34 A3 E4 93 
F5 35 12 06 CC F5 36 90 
20 0E E4 93 F5 37 A3 E4 
93 F5 38 A3 E4 93 F5 39 
A3 E4 93 F5 3A E5 33 54 
18 24 12 F5 82 E4 34 20 
F5 83 E4 93 F8 A3 E4 93 
F9 A3 E4 93 FA A3 E4 93 
FB A3 E4 93 FC A3 E4 93 
FD A3 E4 93 FE A3 E4 93 
FF 75 83 0B 85 30 82 E5 
32 F0 05 83 E5 3A F0 05 
83 E8 F0 05 83 E9 F0 05 
83 EA F0 05 83 EB F0 05 
83 EC F0 05 83 ED F0 05 
83 EE F0 05 83 EF F0 05 
83 E5 35 F0 05 83 E5 34 
F0 05 83 E5 38 F0 05 83 
E5 37 F0 05 83 E5 33 F0 
05 83 E5 39 F0 05 83 E5 
80 F0 05 83 E5 90 F0 05 
83 E5 A0 F0 05 83 E5 B0 
F0 05 83 E5 36 F0 05 30 
E5 30 70 03 75 31 01 22 
74 12 12 0D 15 74 02 02 
0D 15 8D 06 7F 00 EE 30 
E7 01 1F 25 2C F5 2E EF 
35 2B F5 2D D2 13 85 2B 
83 85 2C 82 12 0B D9 12 
0D 0A 90 20 CD 74 02 12 
0D 15 A8 2B A9 2C 90 20 
CE 12 10 C0 89 2F 30 13 
03 12 10 C0 12 11 65 C0 
E0 A8 2B A9 2C 90 20 CE 
12 0D 13 12 0D 13 30 13 
18 12 0D 13 12 0D 13 85 
2B 83 85 2C 82 12 0B D9 
12 0D 0A 90 20 CD 12 0D 
13 D0 E0 B5 2F 06 85 2E 
2C 85 2D 2B 22 90 20 07 
E4 93 60 1C 12 0B E3 50 
0D 12 03 D2 74 64 F5 28 
12 06 06 D2 12 22 12 06 
06 D2 12 12 0C 64 80 05 
12 06 06 D2 12 12 01 65 
12 01 74 90 20 81 78 6F 
E4 93 C6 F0 05 82 D5 82 
02 15 83 15 82 D8 F1 E4 
93 F8 90 20 11 E4 93 F5 
F0 90 20 10 E4 93 C5 81 
F0 90 20 0F E4 93 C0 E0 
90 20 0E E4 93 C0 E0 90 
20 0C E4 93 C0 E0 90 20 
0B E4 93 C0 E0 90 20 0A 
E4 93 F5 A8 90 20 09 E4 
93 C0 E0 90 20 08 E4 93 
C0 E0 90 20 0D E4 93 12 
05 65 D0 E0 D0 D0 D0 83 
D0 82 22 00 00 00 00 00
00 00 00 00 00 00 00 00
00 00 00 00 00 00 00 00
00 00 00 00 00 00 00 00
00 00 00 00 00 00 00 00
00 00 00 00 00 00 00 00
00 00 00 00 00 00 00 00
00 00 00 00 00 00 00 00
00 00 00 00 00 00 00 00
00 00 00 00 00 00 00 00
00 00 00 00 00 00 00 00
00 00 00 00 00 00 00 00
00 00 00 00 00 00 00 00
00 00 00 00 00 00 00 00
00 00 00 00 00 00 00 00
00 00 00 00 00 00 00 00
00 00 00 00 00 00 00 00
00 00 00 00 00 00 00 00
00 00 00 00 00 00 00 00
00 00 00 00 00 00 00 00
00 00 00 00 00 00 00 00
00 00 00 00 00 00 00 00
00 00 00 00 00 00 00 00
00 00 00 00 00 00 00 00
00 00 00 00 00 00 00 00
00 00 00 00 00 00 00 00
00 00 00 00 00 00 00 00
00 00 00 00 00 00 00 00
00 00 00 00 00 00 00 00
00 00 00 00 00 00 00 00
00 00 00 00 00 00 00 00
00 00 00 00 00 00 00 00
00 00 00 00 00 00 00 00
00 00 00 00 00 00 00 00
00 00 00 00 00 00 00 00
00 00 00 00 00 00 00 00
00 00 00 00 00 00 00 00
00 00 00 00 00 00 00 00
00 00 00 00 00 00 00 00
00 00 00 00 00 00 00 00
00 00 00 00 00 00 00 00
00 00 00 00 00 00 00 00
00 00 00 00 00 00 00 00
00 00 00 00 00 00 00 00
00 00 00 00 00 00 00 00
00 00 00 00 00 00 00 00
00 00 00 00 00 00 00 00
00 00 00 00 00 00 00 00
00 00 00 00 00 00 00 00
00 00 00 00 00 00 00 00
00 00 00 00 00 00 00 00
00 00 00 00 00 00 00 00
00 00 00 00 00 00 00 00
00 00 00 00 00 00 00 00
00 00 00 00 00 00 00 00
00 00 00 00 00 00 00 00
00 00 00 00 00 00 00 00
00 00 00 00 00 00 00 00
00 00 00 00 00 00 00 00
00 00 00 00 00 00 00 00
00 00 00 00 00 00 00 00
00 00 00 00 00 00 00 00
00 00 00 00 00 00 00 00
00 00 00 00 00 00 00 00
00 00 00 00 00 00 00 00
00 00 00 00 00 00 00 00
00 00 00 00 00 00 00 00
00 00 00 00 00 00 00 00
00 00 00 00 00 00 00 00
00 00 00 00 00 00 00 00
00 00 00 00 00 00 00 00
00 00 00 00 00 00 00 00
00 00 00 00 00 00 00 00
00 00 00 00 00 00 00 00
00 00 00 00 00 00 00 00
00 00 00 00 00 00 00 00
00 00 00 00 00 00 00 00
00 00 00 00 00 00 00 00
00 00 00 00 00 00 00 00
00 00 00 00 00 00 00 00
00 00 00 00 00 00 00 00
00 00 00 00 00 00 00 00
00 00 00 00 00 00 00 00
00 00 00 00 00 00 00 00
00 00 00 00 00 00 00 00
00 00 00 00 00 00 00 00
00 00 00 00 00 00 00 00
00 00 00 00 00 00 00 00
00 00 00 00 00 00 00 00
00 00 00 00 00 00 00 00
00 00 00 00 00 00 00 00
00 00 00 00 00 00 00 00
00 00 00 00 00 00 00 00
00 00 00 00 00 00 00 00
00 00 00 00 00 00 00 00
00 00 00 00 00 00 00 00
00 00 00 00 00 00 00 00
00 00 00 00 00 00 00 00
00 00 00 00 00 00 00 00
00 00 00 00 00 00 00 00
00 00 00 00 00 00 00 00
00 00 00 00 00 00 00 00
00 00 00 00 00 00 00 00
00 00 00 00 00 00 00 00
00 00 00 00 00 00 00 00
00 00 00 00 00 00 00 00
00 00 00 00 00 00 00 00
00 00 00 00 00 00 00 00
00 00 00 00 00 00 00 00
00 00 00 00 00 00 00 00
00 00 00 00 00 00 00 00
00 00 00 00 00 00 00 00
00 00 00 00 00 00 00 00
00 00 00 00 00 00 00 00
00 00 00 00 00 00 00 00
00 00 00 00 00 00 00 00
00 00 00 00 00 00 00 00
00 00 00 00 00 00 00 00
00 00 00 00 00 00 00 00
00 00 00 00 00 00 00 00
00 00 00 00 00 00 00 00
00 00 00 00 00 00 00 00
00 00 00 00 00 00 00 00
00 00 00 00 00 00 00 00
00 00 00 00 00 00 00 00
00 00 00 00 00 00 00 00
00 00 00 00 00 00 00 00
00 00 00 00 00 00 00 00
00 00 00 00 00 00 00 00
00 00 00 00 00 00 00 00
00 00 00 00 00 00 00 00
00 00 00 00 00 00 00 00
00 00 00 00 00 00 00 00
00 00 00 00 00 00 00 00
00 00 00 00 00 00 00 00
00 00 00 00 00 00 00 00
00 00 00 00 00 00 00 00
00 00 00 00 00 00 00 00
00 00 00 00 00 00 00 00
00 00 00 00 00 00 00 00
00 00 00 00 00 00 00 00
00 00 00 00 00 00 00 00
00 00 00 00 00 00 00 00
00 00 00 00 00 00 00 00
00 00 00 00 00 00 00 00
00 00 00 00 00 00 00 00
00 00 00 00 00 00 00 00
00 00 00 00 00 00 00 00
00 00 00 00 00 00 00 00
00 00 00 00 00 00 00 00
00 00 00 00 00 00 00 00
00 00 00 00 00 00 00 00
00 00 00 00 00 00 00 00
00 00 00 00 00 00 00 00
00 00 00 00 00 00 00 00
00 00 00 00 00 00 00 00
00 00 00 00 00 00 00 00
00 00 00 00 00 00 00 00
00 00 00 00 00 00 00 00
00 00 00 00 00 00 00 00
00 00 00 00 00 00 00 00
00 00 00 00 00 00 00 00
00 00 00 00 00 00 00 00
00 00 00 00 00 00 00 00
00 00 00 00 00 00 00 00
00 00 00 00 00 00 00 00
00 00 00 00 00 00 00 00
00 00 00 00 00 00 00 00
00 00 00 00 00 00 00 00
00 00 00 00 00 00 00 00
00 00 00 00 00 00 00 00
00 00 00 00 00 00 00 00
00 00 00 00 00 00 00 00
00 00 00 00 00 00 00 00
00 00 00 00 00 00 00 00
00 00 00 00 00 00 00 00
00 00 00 00 00 00 00 00
00 00 00 00 00 00 00 00
00 00 00 00 00 00 00 00
00 00 00 00 00 00 00 00
00 00 00 00 00 00 00 00
00 00 00 00 00 00 00 00
00 00 00 00 00 00 00 00
00 00 00 00 00 00 00 00
00 00 00 00 00 00 00 00
00 00 00 00 00 00 00 00
00 00 00 00 00 00 00 00
00 00 00 00 00 00 00 00
00 00 00 00 00 00 00 00
00 00 00 00 00 00 00 00
00 00 00 00 00 00 00 00
00 00 00 00 00 00 00 00
00 00 00 00 00 00 00 00
00 00 00 00 00 00 00 00
00 00 00 00 00 00 00 00
00 00 00 00 00 00 00 00
00 00 00 00 00 00 00 00
00 00 00 00 00 00 00 00
00 00 00 00 00 00 00 00
00 00 00 00 00 00 00 00
00 00 00 00 00 00 00 00
00 00 00 00 00 00 00 00
00 00 00 00 00 00 00 00
00 00 00 00 00 00 00 00
00 00 00 00 00 00 00 00
00 00 00 00 00 00 00 00
00 00 00 00 00 00 00 00
00 00 00 00 00 00 00 00
00 00 00 00 00 00 00 00
00 00 00 00 00 00 00 00
00 00 00 00 00 00 00 00
00 00 00 00 00 00 00 00
00 00 00 00 00 00 00 00
00 00 00 00 00 00 00 00
00 00 00 00 00 00 00 00
00 00 00 00 00 00 00 00
00 00 00 00 00 00 00 00
00 00 00 00 00 00 00 00
00 00 00 00 00 00 00 00
00 00 00 00 00 00 00 00
00 00 00 00 00 00 00 00
00 00 00 00 00 00 00 00
00 00 00 00 00 00 00 00
00 00 00 00 00 00 00 00
00 00 00 00 00 00 00 00
00 00 00 00 00 00 00 00
00 00 00 00 00 00 00 00
00 00 00 00 00 00 00 00
00 00 00 00 00 00 00 00
00 00 00 00 00 00 00 00
00 00 00 00 00 00 00 00
00 00 00 00 00 00 00 00
00 00 00 00 00 00 00 00
00 00 00 00 00 00 00 00
00 00 00 00 00 00 00 00
00 00 00 00 00 00 00 00
00 00 00 00 00 00 00 00
00 00 00 00 00 00 00 00
00 00 00 00 00 00 00 00
00 00 00 00 00 00 00 00
00 00 00 00 00 00 00 00
00 00 00 00 00 00 00 00
00 00 00 00 00 00 00 00
00 00 00 00 00 00 00 00
00 00 00 00 00 00 00 00
00 00 00 00 00 00 00 00
00 00 00 00 00 00 00 00
00 00 00 00 00 00 00 00
00 00 00 00 00 00 00 00
00 00 00 00 00 00 00 00
00 00 00 00 00 00 00 00
00 00 00 00 00 00 00 00
00 00 00 00 00 00 00 00
00 00 00 00 00 00 00 00
00 00 00 00 00 00 00 00
00 00 00 00 00 00 00 00
00 00 00 00 00 00 00 00
00 00 00 00 00 00 00 00
00 00 00 00 00 00 00 00
00 00 00 00 00 00 00 00
00 00 00 00 00 00 00 00
00 00 00 00 00 00 00 00
00 00 00 00 00 00 00 00
00 00 00 00 00 00 00 00
00 00 00 00 00 00 00 00
00 00 00 00 00 00 00 00
00 00 00 00 00 00 00 00
00 00 00 00 00 00 00 00
00 00 00 00 00 00 00 00
00 00 00 00 00 00 00 00
00 00 00 00 00 00 00 00
00 00 00 00 00 00 00 00
00 00 00 00 00 00 00 00
00 00 00 00 00 00 00 00
00 00 00 00 00 00 00 00
00 00 00 00 00 00 00 00
00 00 00 00 00 00 00 00
00 00 00 00 00 00 00 00
00 00 00 00 00 00 00 00
00 00 00 00 00 00 00 00
00 00 00 00 00 00 00 00
00 00 00 00 00 00 00 00
00 00 00 00 00 00 00 00
00 00 00 00 00 00 00 00
00 00 00 00 00 00 00 00
00 00 00 00 00 00 00 00
00 00 00 00 00 00 00 00
00 00 00 00 00 00 00 00
00 00 00 00 00 00 00 00
00 00 00 00 00 00 00 00
00 00 00 00 00 00 00 00
00 00 00 00 00 00 00 00
00 00 00 00 00 00 00 00
00 00 00 00 00 00 00 00
00 00 00 00 00 00 00 00
00 00 00 00 00 00 00 00
00 00 00 00 00 00 00 00
00 00 00 00 00 00 00 00
00 00 00 00 00 00 00 00
00 00 00 00 00 00 00 00
00 00 00 00 00 00 00 00
00 00 00 00 00 00 00 00
00 00 00 00 00 00 00 00
00 00 00 00 00 00 00 00
00 00 00 00 00 00 00 00
00 00 00 00 00 00 00 00
00 00 00 00 00 00 00 00
00 00 00 00 00 00 00 00
00 00 00 00 00 00 00 00
00 00 00 00 00 00 00 00
00 00 00 00 00 00 00 00
00 00 00 00 00 00 00 00
00 00 00 00 00 00 00 00
00 00 00 00 00 00 00 00
00 00 00 00 00 00 00 00
00 00 00 00 00 00 00 00
00 00 00 00 00 00 00 00
00 00 00 00 00 00 00 00
00 00 00 00 00 00 00 00
00 00 00 00 00 00 00 00
00 00 00 00 00 00 00 00
00 00 00 00 00 00 00 00
00 00 00 00 00 00 00 00
00 00 00 00 00 00 00 00
00 00 00 00 00 00 00 00
00 00 00 00 00 00 00 00
00 00 00 00 00 00 00 00
00 00 00 00 00 00 00 00
00 00 00 00 00 00 00 00
00 00 00 00 00 00 00 00
00 00 00 00 00 00 00 00
00 00 00 00 00 00 00 00
00 00 00 00 00 00 00 00
00 00 00 00 00 00 00 00
00 00 00 00 00 00 00 00
00 00 00 00 00 00 00 00
00 00 00 00 00 00 00 00
00 00 00 00 00 00 00 00
00 00 00 00 00 00 00 00
00 00 00 00 00 00 00 00
00 00 00 00 00 00 00 00
00 00 00 00 00 00 00 00
00 00 00 00 00 00 00 00
00 00 00 00 00 00 00 00
00 00 00 00 00 00 00 00
00 00 00 00 00 00 00 00
00 00 00 00 00 00 00 00
00 00 00 00 00 00 00 00
00 00 00 00 00 00 00 00
00 00 00 00 00 00 00 00
00 00 00 00 00 00 00 00
00 00 00 00 00 00 00 00
00 00 00 00 00 00 00 00
00 00 00 00 00 00 00 00
00 00 00 00 00 00 00 00
00 00 00 00 00 00 00 00
00 00 00 00 00 00 00 00
00 00 00 00 00 00 00 00
00 00 00 00 00 00 00 00
00 00 00 00 00 00 00 00
00 00 00 00 00 00 00 00
00 00 00 00 00 00 00 00
00 00 00 00 00 00 00 00
00 00 00 00 00 00 00 00
00 00 00 00 00 00 00 00
00 00 00 00 00 00 00 00
00 00 00 00 00 00 00 00
00 00 00 00 00 00 00 00
00 00 00 00 00 00 00 00
00 00 00 00 00 00 00 00
00 00 00 00 00 00 00 00
00 00 00 00 00 00 00 00
00 00 00 00 00 00 00 00
00 00 00 00 00 00 00 00
00 00 00 00 00 00 00 00
00 00 00 00 00 00 00 00
00 00 00 00 00 00 00 00
00 00 00 00 00 00 00 00
00 00 00 00 00 00 00 00
00 00 00 00 00 00 00 00
00 00 00 00 00 00 00 00
00 00 00 00 00 00 00 00
00 00 00 00 00 00 00 00
00 00 00 00 00 00 00 00
00 00 00 00 00 00 00 00
00 00 00 00 00 00 00 00
00 00 00 00 00 00 00 00
00 00 00 00 00 00 00 00
00 00 00 00 00 00 00 00
00 00 00 00 00 00 00 00
00 00 00 00 00 00 00 00
00 00 00 00 00 00 00 00
00 00 00 00 00 00 00 00
00 00 00 00 00 00 00 00
00 00 00 00 00 00 00 00
00 00 00 00 00 00 00 00
00 00 00 00 00 00 00 00
00 00 00 00 00 00 00 00
00 00 00 00 00 00 00 00
00 00 00 00 00 00 00 00
00 00 00 00 00 00 00 00
00 00 00 00 00 00 00 00
00 00 00 00 00 00 00 00
00 00 00 00 00 00 00 00
00 00 00 00 00 00 00 00
00 00 00 00 00 00 00 00
00 00 00 00 00 00 00 00
00 00 00 00 00 00 00 00
00 00 00 00 00 00 00 00
00 00 00 00 00 00 00 00
00 00 00 00 00 00 00 00
00 00 00 00 00 00 00 00
00 00 00 00 00 00 00 00
00 00 00 00 00 00 00 00
00 00 00 00 00 00 00 00
00 00 00 00 00 00 00 00
00 00 00 00 00 00 00 00
00 00 00 00 00 00 00 00
00 00 00 00 00 00 00 00
00 00 00 00 00 00 00 00
00 00 00 00 00 00 00 00
00 00 00 00 00 00 00 00
00 00 00 00 00 00 00 00
00 00 00 00 00 00 00 00
00 00 00 00 00 00 00 00
00 00 00 00 00 00 00 00
00 00 00 00 00 00 00 00
00 00 00 00 00 00 00 00
00 00 00 00 00 00 00 00
00 00 00 00 00 00 00 00
00 00 00 00 00 00 00 00
00 00 00 00 00 00 00 00
00 00 00 00 00 00 00 00
00 00 00 00 00 00 00 00
00 00 00 00 00 00 00 00
00 00 00 00 00 00 00 00
00 00 00 00 00 00 00 00
00 00 00 00 00 00 00 00
00 00 00 00 00 00 00 00
00 00 00 00 00 00 00 00
00 00 00 00 00 00 00 00
00 00 00 00 00 00 00 00
00 00 00 00 00 00 00 00
00 00 00 00 00 00 00 00
00 00 00 00 00 00 00 00
00 00 00 00 00 00 00 00
00 00 00 00 00 00 00 00
00 00 00 00 00 00 00 00
00 00 00 00 00 00 00 00
00 00 00 00 00 00 00 00
00 00 00 00 00 00 00 00
00 00 00 00 00 00 00 00
00 00 00 00 00 00 00 00
00 00 00 00 00 00 00 00
